При формировании 11-ти разрядного счётчика во всех 16-ти разрядных словах, старший разряд 9-го 16-тиразрядного слова в нуле.

 Из программы проверки МТФЦ-Ц в КБМ:
 
 Версия имитатора RC1
 Прибор МТФ-Ц
 .........
 2.5926550   511    61     1  1101   101  1202   111  1303   121     0  -125   240  -115  1807  -105  -683   -95   682     0     0    -1     0 
 2.5928150   511    62     0  1101   101  1202   111  1303   121     0  -125   240  -115  1807  -105  -683   -95   682     0     0    -1     0 
 2.5929750   511    63     1  1101   101  1202   111  1303   121     0  -125   240  -115  1807  -105  -683   -95   682     0     0    -1     0 
 2.5931407   256     0     0  -947   101  1202   111  1303   121     0  -125   240  -115  1807  -105  -683   -95   682     0     0    -1     0 
 2.5933007   256     1     1  -947   101  1202   111  1303   121     0  -125   240  -115  1807  -105  -683   -95   682     0     0    -1     0 
 2.5934607   256     2     0  -947   101  1202   111  1303   121     0  -125   240  -115  1807  -105  -683   -95   682     0     0    -1     0 
 .........
 5.2140921   511    61     1  -947   101  1202   111  1303   121     0  -125   240  -115  1807  -105  -683   -95   682     0     0    -1     0 
 5.2142521   511    62     0  -947   101  1202   111  1303   121     0  -125   240  -115  1807  -105  -683   -95   682     0     0    -1     0 
 5.2144121   511    63     1  -947   101  1202   111  1303   121     0  -125   240  -115  1807  -105  -683   -95   682     0     0    -1     0 
 5.2145701   256     0     0  1101   101  1202   111  1303   121     0  -125   240  -115  1807  -105  -683   -95   682     0     0    -1     0 
 5.2147301   256     1     1  1101   101  1202   111  1303   121     0  -125   240  -115  1807  -105  -683   -95   682     0     0    -1     0 
 5.2148901   256     2     0  1101   101  1202   111  1303   121     0  -125   240  -115  1807  -105  -683   -95   682     0     0    -1     0 
 
Старший разряд счётчика в первом слове всегда 1, вместо него изменяется старший разряд второго слова. Но порядок следования битов в слове верный
